status,period 1,period 2,period 3,period 4,period 5,period 6,period 7,period 8,period 9,period 10,period 11,period 12,period 13,period 14,period 15,period 16,period 17,period 18,period 19,period 20,period 21,period 22,period 23,period 24,period 25,period 26,period 27,period 28
Waiting,3900,3926,3939,3947,3964,3991,4037,4076,4054,4025,4033,4049,4062,4110,4145,4153,4165,4146,4124,4133,4183,4225,4260,4277,4288,4259,4229,4229
Incoming,47,35,27,36,44,46,39,0,0,37,39,38,48,35,35,35,0,0,35,50,42,54,39,39,0,0,0,0
Treated,21,22,19,19,17,0,0,22,29,29,23,25,0,0,27,23,19,22,26,0,0,19,22,28,29,30,0,0
Still Waiting,3926,3939,3947,3964,3991,4037,4076,4054,4025,4033,4049,4062,4110,4145,4153,4165,4146,4124,4133,4183,4225,4260,4277,4288,4259,4229,4229,4229
Overdue Waiting,830,839,845,847,847,853,865,877,866,868,863,871,863,876,891,884,880,883,886,878,884,898,903,898,889,877,867,872
Overdue Incoming,24,19,13,15,18,12,12,7,17,14,18,12,13,15,15,9,13,18,11,6,14,15,13,13,16,16,5,15
Overdue Treated,15,13,11,15,12,0,0,18,15,19,10,20,0,0,22,13,10,15,19,0,0,10,18,22,28,26,0,0
Overdue Still Waiting,839,845,847,847,853,865,877,866,868,863,871,863,876,891,884,880,883,886,878,884,898,903,898,889,877,867,872,887
